[ 6926.320595] [Project 1] 3598 1588168096.796775111 1588168098.079083075
[ 6929.010711] [Project 1] 3599 1588168099.375068942 1588168100.769136378
[ 6931.641089] [Project 1] 3600 1588168102.100619996 1588168103.399455888
[ 6934.229440] [Project 1] 3601 1588168104.728875131 1588168105.987747849
[ 6936.810684] [Project 1] 3602 1588168107.276189125 1588168108.568931587
[ 6939.432297] [Project 1] 3603 1588168109.916338461 1588168111.190475953
[ 6942.080721] [Project 1] 3604 1588168112.491784038 1588168113.838844435
[ 6944.738470] [Project 1] 3605 1588168115.172078084 1588168116.496532156
[ 6947.408479] [Project 1] 3606 1588168117.865005676 1588168119.166479508
[ 6950.052330] [Project 1] 3607 1588168120.465319629 1588168121.810269523
